BERN PARKING DATA SUMMARY
============================================================

Generated: 2026-03-28T18:58:21.554485

                        timestamp     capacity  occupied_spots   free_spots  occupancy_rate     latitude    longitude         hour  day_of_week       week        month  is_rush_hour   is_weekend     is_night  temperature  precipitation  high_occupancy  hard_to_find_parking
count                        5760  5760.000000     5760.000000  5760.000000     5760.000000  5760.000000  5760.000000  5760.000000  5760.000000     5760.0  5760.000000    5760.00000  5760.000000  5760.000000  5760.000000    5760.000000     5760.000000           5760.000000
mean   2026-03-13 18:28:21.430215   277.500000      165.147569   112.352431        0.605273    46.948913     7.438187    11.500000     3.083333  11.166667     2.925000       0.25000     0.291667     0.375000     9.500069       1.508038        0.498264              0.149479
min    2026-02-26 18:58:21.430215    60.000000        4.000000     2.000000        0.050000    46.947500     7.435600     0.000000     0.000000        9.0     2.000000       0.00000     0.000000     0.000000    -6.100000       0.000000        0.000000              0.000000
25%    2026-03-06 06:43:21.430215   170.000000       61.000000    30.000000        0.408000    46.947750     7.437325     5.750000     1.000000       10.0     3.000000       0.00000     0.000000     0.000000     7.400000       0.400000        0.000000              0.000000
50%    2026-03-13 18:28:21.430215   275.000000      143.500000    87.000000        0.616000    46.948250     7.438500    11.500000     3.000000       11.0     3.000000       0.00000     0.000000     0.000000     9.800000       1.000000        0.000000              0.000000
75%    2026-03-21 06:13:21.430215   397.500000      244.000000   170.000000        0.805000    46.949900     7.439125    17.250000     5.000000       12.0     3.000000       0.25000     1.000000     1.000000    11.900000       2.100000        1.000000              0.000000
max    2026-03-28 17:58:21.430215   500.000000      490.000000   475.000000        0.980000    46.951500     7.440300    23.000000     6.000000       13.0     3.000000       1.00000     1.000000     1.000000    20.500000      16.700000        1.000000              1.000000
std                           NaN   151.402542      117.650387    98.998898        0.243128     0.001444     0.001455     6.922788     1.964788   1.280302     0.263414       0.43305     0.454569     0.484165     3.566869       1.497070        0.500040              0.356591