DATASET SUMMARY
============================================================

Generated: 2026-03-28T10:23:17.281952

              year       week  total_accidents  fatal_accidents  bad_road_accidents  avg_temp_max  avg_temp_min  total_precipitation  total_snowfall  avg_snow_depth  dominant_weather  avg_wind_speed  high_accident_week
count  5848.000000     5848.0      5848.000000      5848.000000         5848.000000   5848.000000   5848.000000          5848.000000     5848.000000     5848.000000       5848.000000     5848.000000         5848.000000
mean   2021.996751  26.620896         4.274966         0.082592            2.125000      8.389252      0.420084            13.944272        7.463167       50.466735         49.066005       10.040647            0.472982
std       1.413907  15.112364         3.353926         0.292751            2.082102     10.771837     10.818024             5.332762       14.734065       74.383888         27.842512        3.739591            0.499312
min    2020.000000        1.0         1.000000         0.000000            0.000000    -12.057143    -20.728571             1.900000        0.000000        0.000000          0.000000        1.314286            0.000000
25%    2021.000000       14.0         2.000000         0.000000            1.000000     -1.832143     -9.814286            10.100000        0.000000        0.000000         61.000000        7.342857            0.000000
50%    2022.000000       27.0         3.000000         0.000000            2.000000      8.342857      0.350000            13.200000        0.000000        0.000000         61.000000        9.614286            0.000000
75%    2023.000000       40.0         6.000000         0.000000            3.000000     18.542857     10.592857            17.100000        5.425000       94.500000         71.000000       12.271429            1.000000
max    2024.000000       53.0        21.000000         3.000000           16.000000     31.185714     24.985714            43.200000       96.300000      371.714286         71.000000       28.557143            1.000000