FRAUENFELD PARKING DATA SUMMARY
============================================================

Generated: 2026-03-28T19:30:48.239946

Total records: 10,800
Date range: 2026-01-01 00:00:00 to 2026-03-31 23:00:00

                 timestamp      capacity  occupied_spots    free_spots  occupancy_rate          hour   day_of_week      week         month  is_rush_hour    is_weekend     is_sunday  is_market_day   temperature  precipitation  high_occupancy  hard_to_find_parking  has_free_spots
count                10800  10800.000000    10800.000000  10800.000000    10800.000000  10800.000000  10800.000000   10800.0  10800.000000  10800.000000  10800.000000  10800.000000   10800.000000  10800.000000   10800.000000    10800.000000          10800.000000    10800.000000
mean   2026-02-14 23:30:00    102.000000       66.587130     35.412870        0.674127     11.500000      3.011111  7.355556      2.000000      0.177778      0.288889      0.144444       0.019259      1.420352       1.211241        0.505093              0.198611        0.847963
min    2026-01-01 00:00:00     60.000000        3.000000      2.000000        0.050000      0.000000      0.000000       1.0      1.000000      0.000000      0.000000      0.000000       0.000000    -14.500000       0.000000        0.000000              0.000000        0.000000
25%    2026-01-23 11:45:00     80.000000       50.000000     13.000000        0.560000      5.750000      1.000000       4.0      1.000000      0.000000      0.000000      0.000000       0.000000     -2.000000       0.400000        0.000000              0.000000        1.000000
50%    2026-02-14 23:30:00    100.000000       66.000000     28.000000        0.703000     11.500000      3.000000       7.0      2.000000      0.000000      0.000000      0.000000       0.000000      1.400000       0.800000        1.000000              0.000000        1.000000
75%    2026-03-09 11:15:00    120.000000       84.000000     53.000000        0.860000     17.250000      5.000000      11.0      3.000000      0.000000      1.000000      0.000000       0.000000      4.800000       1.700000        1.000000              0.000000        1.000000
max    2026-03-31 23:00:00    150.000000      147.000000    143.000000        0.980000     23.000000      6.000000      14.0      3.000000      1.000000      1.000000      1.000000       1.000000     18.400000      14.000000        1.000000              1.000000        1.000000
std                    NaN     31.242445       28.764667     29.098474        0.239207      6.922507      2.008378   3.73086      0.830032      0.382343      0.453267      0.351556       0.137441      4.918223       1.239428        0.499997              0.398973        0.359073