SWISS NO₂ AIR QUALITY SUMMARY
============================================================

Generated: 2026-03-28T19:07:31.972952

       no2_concentration  exceeds_limit  population_density  measurement_year       month  traffic_density    latitude   longitude  temperature  wind_speed  precipitation    is_urban    is_rural   is_winter   is_summer
count         150.000000     150.000000          150.000000             150.0  150.000000       150.000000  150.000000  150.000000   150.000000  150.000000     150.000000  150.000000  150.000000  150.000000  150.000000
mean           13.299333       0.086667           62.891667            2023.0    7.053333         1.178067   46.843236    8.062695     8.550000    3.220000       1.934000    0.333333    0.300000    0.300000    0.260000
std            10.231052       0.282289           86.938500               0.0    3.591165         0.207564    0.428011    0.908705    11.088562    2.992653       1.811034    0.472984    0.459793    0.459793    0.440104
min             1.800000       0.000000            0.450000            2023.0    1.000000         0.800000   45.973700    6.133500   -12.800000    0.100000       0.000000    0.000000    0.000000    0.000000    0.000000
25%             4.725000       0.000000            5.800000            2023.0    4.000000         1.020000   46.592775    7.455250    -2.050000    1.100000       0.600000    0.000000    0.000000    0.000000    0.000000
50%             9.850000       0.000000           35.500000            2023.0    7.000000         1.200000   46.815300    7.910550     8.200000    2.350000       1.200000    0.000000    0.000000    0.000000    0.000000
75%            19.475000       0.000000           80.000000            2023.0   10.000000         1.340000   47.092975    8.639850    18.200000    4.800000       2.975000    1.000000    1.000000    1.000000    1.000000
max            46.100000       1.000000          434.000000            2023.0   12.000000         1.500000   47.716400    9.874800    30.300000   18.000000       8.000000    1.000000    1.000000    1.000000    1.000000